#https://cds.cern.ch/record/2930836
100.75794286850314, 24.4470164849573
101.14758258160312, 1.0025727718211872
101.5942427405226, 24.371980507212893
103.26684248456156, 24.11277497962829
103.5709515289323, 1.0493234376977054
104.10314235658105, 23.974592982077436
104.40725140095178, 1.060178190974644
104.93944222860054, 23.843575602737484
105.24355127297126, 1.0704296543943068
105.77574210062001, 23.703767969842122
106.07985114499074, 1.0796252545012006
106.6120419726395, 23.571080017969482
106.91615101701022, 1.0888998500478955
107.448341844659, 23.43913482111343
107.75245088902972, 1.0975204324623324
108.28464171667846, 23.31104363639324
108.5887507610492, 1.105470260535832
109.12094158869796, 23.186751253619008
109.42505063306868, 1.1131800701878238
109.95724146071743, 23.06312158662257
110.26135050508816, 1.120793840849177
110.79354133273691, 22.943217358437263
111.09765037710764, 1.127404415760819
111.62984120475639, 22.823936507442387
111.93395024912712, 1.1329934778265711
112.46614107677588, 22.711345923099735
112.77025012114662, 1.1387624378595664
113.30244094879536, 22.581195032156096
113.60654999316608, 1.141810521690829
114.13874082081486, 22.460794136331113
114.44284986518558, 1.1441019375143868
114.97504069283433, 22.341035207226433
115.27914973720506, 1.1468577073006585
115.81134056485381, 22.218944964160343
116.11544960922454, 1.1488521126689686
116.6476404368733, 22.100475553034812
116.95174948124402, 1.1514654154025197
117.48394030889277, 21.982637810127272
117.78804935326352, 1.1539304244735387
118.32024018091226, 21.865428367439833
118.624349225283, 1.1562461628414142
119.15654005293175, 21.745937240938176
119.46064909730248, 1.1587214063368851
119.99283992495124, 21.62131877420812
120.29694896932196, 1.161046759375009
120.82913979697071, 21.50316166823395
121.13324884134144, 1.1638433437308446
121.66543966899019, 21.385650272257326
121.96954871336092, 1.1660231210973715
122.50173954100968, 21.260254769824837
122.8058485853804, 1.168675482855814
123.33803941302918, 21.144070821837712
123.64214845739988, 1.1711773345204675
124.17433928504865, 21.022901443987724
124.47844832941936, 1.1738414206078112
125.01063915706811, 20.908014594589588
125.31474820143885, 1.1798183696133344
125.84693902908761, 20.80487526190343
126.15104807345834, 1.18947664913552
126.68323890110709, 20.707779347075363
126.98734794547782, 1.1995345969313902
127.51953877312658, 20.61113657683759
127.8236478174973, 1.2103244802153938
128.35583864514606, 20.509461744785945
128.6599476895168, 1.220558712595591
129.19213851716555, 20.411016314580824
129.49624756153628, 1.231373119610121
130.02843838918503, 20.31575853116774
130.33254743355576, 1.2422833445462873
130.8647382612045, 20.21824287651862
131.16884730557524, 1.2534577552949278
131.701038133224, 20.12657458777009
132.00514717759472, 1.2647326805164758
132.53733800524347, 20.032644287907477
132.8414470496142, 1.2761090243444466
133.37363787726295, 19.95248158727193
133.67774692163368, 1.2877598022814336
134.20993774928243, 19.869983778143194
134.51404679365316, 1.2995169509312257
135.04623762130194, 19.793117240413004
135.35034666567265, 1.3113814414503073
135.88253749332142, 19.711278357313674
136.18664653769213, 1.3235311377742693
136.71883736534087, 19.632401635729043
137.0229464097116, 1.3356148759852864
137.55513723736038, 19.553840547514035
137.8592462817311, 1.3481692670962815
138.39143710937986, 19.47299100515678
138.69554615375057, 1.3643018239202
139.22773698139935, 19.39247575255112
139.53184602577005, 1.3811811189726768
140.06403685341883, 19.309712407390307
140.36814589778953, 1.397895526888533
140.9003367254383, 19.2298722651229
141.204445769809, 1.4151904469987249
141.7366365974578, 19.152921939869056
142.04074564182852, 1.4323164198960041
142.57293646947727, 19.07118096416416
142.87704551384797, 1.4492621910462054
143.40923634149675, 18.992327081244404
143.71334538586748, 1.4646455813097032
144.24553621351623, 18.908744088052284
144.54964525788697, 1.4795988770918613
145.0818360855357, 18.83307879045402
145.38594512990645, 1.4977044520691818
145.9181359575552, 18.75019663022187
146.22224500192593, 1.5186679866984902
146.75443582957467, 18.672669925788618
147.0585448739454, 1.5397191462766784
147.59073570159416, 18.59049370606529
147.8948447459649, 1.5566867530601243
148.42703557361364, 18.511153065554115
149.26333544563312, 18.43707876960564
149.62657680418707, 1.6070840784270437
150.0996353176526, 18.360846718039845
150.35728325802228, 1.6570963263819751
150.72052461657617, 1.72790612564023
150.93593518967208, 18.2873738885062
151.01196245076477, 1.7893054900963452
151.2248387818243, 1.8530530986278975
151.6201805395062, 1.92988177597206
151.77223506169156, 18.216629637746767
152.27641584577987, 1.9839956993218848
152.60853493371107, 18.148584535080712
153.06469850026716, 2.045718840178947
153.44483480573055, 18.078377187480886
153.90099837228664, 2.0652240096705996
154.28113467775, 18.010848503184157
154.73729824430612, 2.07823807547853
155.1174345497695, 17.9411739839958
155.5735981163256, 2.09161368442847
155.953734421789, 17.87176899895091
156.40989798834508, 2.1050753792397456
156.79003429380847, 17.805012064186315
157.24619786036456, 2.120040003837643
157.62633416582796, 17.736133818139454
158.08249773238404, 2.135681819582774
158.46263403784747, 17.665160841968056
158.91879760440352, 2.1520142172025167
159.29893390986692, 17.5968236068938
159.75509747642303, 2.1678919411159576
160.13523378188643, 17.531093683590825
160.5913973484425, 2.185054668379775
160.97153365390588, 17.458607621433565
161.42769722046197, 2.2014703837416856
161.8078335259254, 17.391069432352317
162.26399709248147, 2.218898944205857
162.64413339794487, 17.323792513074686
163.10029696450093, 2.2421520547939293
163.48043326996435, 17.249857908873103
163.93659683652044, 2.280535422077946
164.31673314198383, 17.173943317154322
164.81851306519553, 2.3106850061550666
165.1530330140033, 17.093792885267927
165.6091965805594, 2.354349676580511
165.9893328860228, 17.007195887782864
166.43207987709192, 2.4078183775518505
166.82563275804227, 16.92556133605305
167.28179632459836, 2.4609588231493023
167.66193263006176, 16.83756603320647
168.11809619661784, 2.519851449063732
168.49823250208124, 16.750028214349303
168.90687903045443, 2.573200037283653
169.33453237410072, 16.665172725524297
169.77315118809696, 2.63396330285435
170.1708322461202, 16.576315527206237
170.62699581267628, 2.6916157952455566
171.00713211813968, 16.487932107457578
171.48863810505998, 2.743309817694426
171.84343199015916, 16.40440439509867
172.30544380756854, 2.7935064483709993
172.67973186217864, 16.316937590005647
173.1701076962264, 2.8440640023758497
173.51603173419812, 16.22993715003072
173.97219530075424, 2.919279141416886
174.3523316062176, 16.143400588557153
174.75781033204527, 2.998853721211193
175.1886314782371, 16.05517944376738
175.64479504479317, 3.0748663687560387
176.02493135025657, 15.963172747381277
176.48109491681268, 3.116239171452093
176.86123122227605, 15.87805854964919
177.31739478883216, 3.15100104530511
177.69753109429553, 15.797620451122985
178.1416903564686, 3.1892002882290735
178.53383096631504, 15.736507749572171
178.97189280403956, 3.262776531526143
179.37013083833452, 15.681918071656998
179.81489031572667, 3.342800055830458
180.20643071035403, 15.648418590685052
180.6288043830911, 3.4224213657360183
181.0427305823735, 15.612903798376243
181.49889414892957, 3.5022254256319667
181.879030454393, 15.577469608491596
182.3217774454621, 3.581116445815619
183.16135692482283, 3.665593361297247
184.00779376498804, 3.744758398583173
184.0838210260807, 15.51669007793699
184.849524155657, 3.825579580569466
184.92012089810018, 15.450984102587382
185.67454525817368, 3.905956840837624
185.77396552267953, 15.474194086108694
186.5058323437475, 3.9804916067359835
186.5927206421391, 15.382986142488363
187.33398643779276, 4.066115820078492
187.42902051415865, 15.34397163483201
188.1766219149033, 4.144577179959131
188.26532038617813, 15.313240614939975
189.01925739201386, 4.223517532802244
189.1332982836529, 15.305226542819453
189.8618928691244, 4.306838613459374
190.5461382189585, 15.211247705590246
190.69819274114388, 4.387012357543622
191.38243809097798, 15.162532681981936
191.53449261316337, 4.464499717938412
192.2187379629975, 15.111953757658325
192.37079248518285, 4.542748531013781
193.05503783501698, 15.059530646925785
193.20709235720233, 4.621751044185474
193.89133770703646, 15.00528373515179
194.0433922292218, 4.700870730758454
194.72763757905594, 14.951232229695972
194.8796921012413, 4.777512116954028
195.56393745107542, 14.887423255050587
195.7159919732608, 4.855403038058012
196.40023732309493, 14.77838719483785
196.55229184528025, 4.934563866059538
197.2365371951144, 14.670149718921596
197.38859171729976, 5.015015305085682
198.0728370671339, 14.560758739201441
198.2248915893192, 5.092012179463348
198.90913693915337, 14.456047167367522
199.0611914613387, 5.169500234971448
199.74543681117285, 14.346335108562393
199.89749133335823, 5.234157392497391
200.58173668319233, 14.231748142806024
200.73379120537766, 5.298206798441263
201.4180365552118, 14.114303024265375
201.57009107739717, 5.350868303726998
202.2543364272313, 13.990345618341854
202.40639094941668, 5.3997213226991105
203.09063629925078, 13.863770452870602
203.24269082143616, 5.4490203660035785
203.92693617127026, 13.742013323333115
204.0789906934556, 5.498034620291653
204.7632360432897, 13.61768490016474
204.9152905654751, 5.548972851460529
205.59953591530922, 13.492677840300145
205.75159043749457, 5.596641687181367
206.4358357873287, 13.367031633346748
206.58789030951405, 5.644720025338029
207.27213565934818, 13.24255546613704
207.42419018153356, 5.69397235727904
208.10843553136766, 13.119238443053591
208.26049005355304, 5.742886821300375
208.94473540338714, 12.995332770722191
209.09678992557252, 5.792995695921728
209.78103527540662, 12.872597335192465
209.93308979759198, 5.841979968402932
210.6173351474261, 12.74590941948798
210.76938966961148, 5.890591084993082
211.45363501944558, 12.620468325040118
211.60568954163097, 5.938812893294304
212.28993489146507, 12.494591712529276
212.44198941365045, 5.987429457021979
213.12623476348455, 12.368317403696343
213.27828928566993, 6.05323075822467
213.96253463550403, 12.241682999205748
214.18554793470923, 6.1453535263586865
214.7988345075235, 12.111487921321386
214.91667676221718, 6.312905297602837
215.635134379543, 11.979474872320054
215.6511401187204, 6.55358705507261
216.3794012512924, 6.7999975637172625
216.4714342515625, 11.85365266695904
217.07965234030394, 7.039101320953853
217.30773412358198, 11.72758444314627
217.77990342931545, 7.2752195497398855
218.14403399560146, 11.598205618718183
218.54227202989645, 7.503283941620898
218.9803338676209, 11.473320611958062
219.36047017308434, 7.741633611369793
219.81663373964042, 11.343714149089806
220.1967700451038, 7.9710498411017365
220.6529336116599, 11.21407285400894
221.03306991712333, 8.203426229755276
221.48923348367939, 11.08591316055954
221.8693697891428, 8.435809371100262
222.3255333556989, 10.956289032799592
222.7056696611623, 8.669559533375354
223.16183322771838, 10.8252864788778
223.54196953318177, 8.90145481724331
223.99813309973783, 10.697279943818064
224.37826940520125, 9.135278492513768
224.83443297175734, 10.557232567268446
225.21456927722073, 9.384646785143719
225.58995387886583, 10.322270844004752
226.03276742040862, 9.675449739536262
226.37252294617076, 10.091417855515711
226.82381297034914, 9.996629772142882
100, 0.9816215559204045
